---
maxVel: 52.48180821614297
maxAccel: 52.48
maxAngVel: 3.2118596092750846
maxAngAccel: 3.211929422445164
robotLength: 18.0
robotWidth: 18.0
driveType: "MECANUM"
trackWidth: 15.34
lateralMultiplier: 0.84929
